$ 1 0.000005 5.692113234615338 64 5 50 5e-11
a 560 448 848 448 8 15 -15 1000000 -15.00033331833333 -18.333666651666665 100000
r 400 432 400 576 0 1000
r 400 432 256 432 0 1000
r 256 432 256 576 0 1000
w 112 432 256 432 0
w 112 576 256 576 0
w 256 576 400 576 0
w 400 432 560 432 0
w 400 576 560 576 0
w 560 576 560 464 0
w 560 432 560 336 0
r 560 336 848 336 0 1000
w 848 336 848 448 0
i 112 576 112 432 0 0.01
w 864 704 864 816 0
r 576 704 864 704 0 1000
w 576 800 576 704 0
w 576 944 576 832 0
w 416 944 576 944 0
w 416 800 576 800 0
w 272 944 416 944 0
w 128 944 272 944 0
w 128 800 272 800 0
r 272 800 272 944 0 1000
r 416 800 272 800 0 1000
r 416 800 416 944 0 1000
a 576 816 864 816 8 15 -15 1000000 0.00004999850004499865 0 100000
v 128 944 128 800 0 0 40 5 0 0 0.5
x 128 772 450 775 4 24 generatore\sdi\stensione\sin\sinput
x 113 405 438 408 4 24 Generatore\sdi\scorrente\sin\sinput
