$ 1 0.000005 8.281975887399955 48 5 50 5e-11
f 720 448 800 448 32 0 0.02
f 720 576 800 576 32 1.5 0.02
v 800 320 800 432 0 0 40 5 0 0 0.5
g 800 320 800 288 0 0
w 800 464 800 512 0
w 720 512 800 512 0
w 800 512 800 560 0
g 912 576 912 592 0 0
g 800 592 800 640 0 0
v 624 576 720 576 0 2 40 5 0 0 0.5
g 624 576 624 640 0 0
c 912 512 912 576 0 0.000009999999999999999 0.627719089708146 0.001
w 800 512 912 512 0
v 720 512 720 448 0 0 40 2 0 0 0.5
x 460 419 994 476 4 24 ho\sdovuto\smettere\sun\sgeneratore\ssul\smos\sdi\scarico\\nperchè\snel\sprogramma\snon\sc'è\sun\\nnmos-d
403 480 528 608 592 0 9_64_0_4099_5_0.00009765625_-1_2_9_3
403 976 528 1104 592 0 11_64_0_4099_5_0.2_-1_2_11_3
403 816 704 944 768 0 9_64_0_4099_5_0.00009765625_-1_2_9_3
403 816 784 944 848 0 11_64_0_4099_5_0.2_-1_2_11_3
x 704 735 794 738 4 24 input
x 721 814 783 817 4 24 output
