$ 1 0.000005 10.20027730826997 50 5 50 5e-11
v 592 544 592 400 0 1 40 5 0 0 0.5
r 592 400 768 400 0 1000
w 768 544 864 544 0
w 768 400 864 400 0
w 768 544 592 544 0
p 864 400 864 544 3 0 0
d 768 400 768 480 2 default
v 768 544 768 480 0 0 40 2 0 0 0.5
403 400 448 528 512 0 0_64_0_4099_5_0.003125_-1_2_0_3
403 960 448 1088 512 0 5_64_0_4098_5_0.1_-1_1
v 768 800 768 736 0 0 40 2 0 0 0.5
d 768 656 768 736 2 default
w 768 800 592 800 0
w 768 656 864 656 0
w 768 800 864 800 0
r 592 656 768 656 0 1000
v 592 800 592 656 0 1 40 5 0 0 0.5
d 864 800 864 736 2 default
v 864 656 864 736 0 0 40 2 0 0 0.5
w 864 656 944 656 0
w 864 800 944 800 0
p 944 656 944 800 3 0 0
403 400 704 528 768 0 16_64_0_4099_5_0.003125_-1_2_16_3
403 1040 688 1168 752 0 21_64_0_4098_5_0.1_-1_1
