$ 1 0.000005 10.20027730826997 50 5 50 5e-11
d 592 448 688 352 2 default
d 688 352 768 448 2 default
d 592 448 688 544 2 default
d 688 544 768 448 2 default
r 768 448 592 448 0 1000
w 688 352 496 352 0
w 688 544 496 544 0
v 496 544 496 352 0 1 40 5 0 0 0.5
w 592 448 592 672 0
c 768 672 592 672 0 0.00009999999999999999 3.8100723215837005 0.001
s 768 672 768 448 0 0 false
v 1344 480 1344 336 0 1 40 5 0 0 0.5
v 1344 624 1344 480 0 1 40 5 0 0 0.5
d 1344 336 1520 336 2 default
d 1344 624 1520 624 2 default
w 1520 624 1520 480 0
w 1520 480 1520 336 0
r 1520 480 1344 480 0 1000
g 1344 480 1296 480 0 0
g 592 448 560 448 0 0
x 1270 225 1608 282 4 24 In\squesto\scaso\\ni\sdue\sgeneratori\srappresentano\s\\nil\strasformatore\sa\spresa\scentrale
c 1488 528 1376 528 0 0.00009999999999999999 4.36431348984535 0.001
s 1488 528 1520 480 0 0 false
w 1376 528 1344 480 0
x 1321 710 1926 794 4 24 Anche\sse\squesto\srect\ssembra\spiù\ssemplice\snecessita\sdel\s\\ntrasformatore\sa\spresa\scentrale\\nche\sha\sun\scosto\smaggiore\sdi\sun\spaio\\ndi\sdiodi\sin\spiù
403 304 416 432 480 0 7_64_0_4099_5_0.05_-1_2_7_3
403 624 576 752 640 0 9_64_0_4099_5_0.05_-1_2_9_3
o 4 64 0 4099 5 0.00625 0 2 4 3
o 17 64 0 4099 5 0.0125 1 2 17 3
