$ 1 0.000005 10.20027730826997 50 5 50 5e-11
v 704 624 704 464 0 1 40 5 0 0 0.5
a 704 448 960 448 8 15 -15 1000000 -0.00017143528194636155 -4.999332829580705 100000
w 704 432 704 352 0
r 1072 448 1072 592 0 1000
g 1072 592 1072 656 0 0
g 704 624 704 656 0 0
d 960 448 1072 448 2 default
w 704 352 1072 352 0
s 1072 352 1072 448 0 0 false
x 926 274 1721 304 4 24 Grazie\sal\sfeedback\sl'output\ssegue\sl'input.\\nse\snon\sci\sfosse\sil\sfeedback\s(usa\slo\sswitch)\sl'output\sandrebbe\sin\ssaturazione.
o 3 64 0 4099 20 0.0125 0 2 3 3
