$ 1 0.000005 10.20027730826997 50 5 50 5e-11
a 656 432 816 432 8 15 -15 1000000 4.999950000499995 5 100000
w 816 432 816 336 0
w 816 336 656 336 0
w 656 336 656 416 0
w 816 432 896 432 0
v 432 448 560 448 0 0 40 5 0 0 0.5
g 432 448 432 496 0 0
g 896 512 896 576 0 0
p 896 432 896 512 3 0 0
w 896 432 1040 432 0
r 1040 432 1040 512 0 1000
g 1040 512 1040 576 0 0
r 560 448 656 448 0 1000
v 480 784 480 688 0 0 40 5 0 0 0.5
r 480 688 608 688 0 1000
r 608 688 608 784 0 1000
w 608 784 480 784 0
g 480 784 480 832 0 0
x 537 651 559 654 4 24 Ri
x 646 736 668 739 4 24 Rl
x 684 818 1699 821 4 24 In\squesto\scaso\sc'è\sperdita\sdi\stensione\ssu\sRi\sperchè\sla\scorrente\sche\scircola\ssu\sRl\sè\sla\sstessa\sdi\sRi
x 506 267 1144 270 4 24 non\sc'è\sperdita\sdi\stensione\ssu\sRi\sperchè\snon\scircola\scorrente
x 597 486 619 489 4 24 Ri
x 1076 483 1098 486 4 24 Rl
o 5 64 0 4099 5 0.00009765625 0 2 5 3
o 8 64 0 4098 5 0.1 1 1
